Linear Regression Fold 1 Accuracy on Classification Multi Dataset: 0.7728658536585366
Confusion Matrix:
[[[0.76371951        nan]
  [0.23628049        nan]]

 [[0.82469512        nan]
  [0.17530488        nan]]

 [[0.75152439        nan]
  [0.24847561        nan]]

 [[0.81707317        nan]
  [0.18292683        nan]]

 [[0.69969512        nan]
  [0.30030488        nan]]

 [[0.78810976        nan]
  [0.21189024        nan]]

 [[0.77439024        nan]
  [0.22560976        nan]]

 [[0.80487805        nan]
  [0.19512195        nan]]

 [[0.73170732        nan]
  [0.26829268        nan]]]
Linear Regression Fold 2 Accuracy on Classification Multi Dataset: 0.7808312128922816
Confusion Matrix:
[[[0.77557252        nan]
  [0.22442748        nan]]

 [[0.81221374        nan]
  [0.18778626        nan]]

 [[0.78625954        nan]
  [0.21374046        nan]]

 [[0.81679389        nan]
  [0.18320611        nan]]

 [[0.69618321        nan]
  [0.30381679        nan]]

 [[0.82748092        nan]
  [0.17251908        nan]]

 [[0.74198473        nan]
  [0.25801527        nan]]

 [[0.81221374        nan]
  [0.18778626        nan]]

 [[0.75877863        nan]
  [0.24122137        nan]]]
Linear Regression Fold 3 Accuracy on Classification Multi Dataset: 0.7776081424936386
Confusion Matrix:
[[[0.74656489        nan]
  [0.25343511        nan]]

 [[0.81832061        nan]
  [0.18167939        nan]]

 [[0.80152672        nan]
  [0.19847328        nan]]

 [[0.81374046        nan]
  [0.18625954        nan]]

 [[0.67328244        nan]
  [0.32671756        nan]]

 [[0.80763359        nan]
  [0.19236641        nan]]

 [[0.78320611        nan]
  [0.21679389        nan]]

 [[0.8               nan]
  [0.2               nan]]

 [[0.75419847        nan]
  [0.24580153        nan]]]
Linear Regression Fold 4 Accuracy on Classification Multi Dataset: 0.7835453774385072
Confusion Matrix:
[[[0.76641221        nan]
  [0.23358779        nan]]

 [[0.82442748        nan]
  [0.17557252        nan]]

 [[0.77251908        nan]
  [0.22748092        nan]]

 [[0.84427481        nan]
  [0.15572519        nan]]

 [[0.72824427        nan]
  [0.27175573        nan]]

 [[0.81221374        nan]
  [0.18778626        nan]]

 [[0.75267176        nan]
  [0.24732824        nan]]

 [[0.81374046        nan]
  [0.18625954        nan]]

 [[0.73740458        nan]
  [0.26259542        nan]]]
Linear Regression Fold 5 Accuracy on Classification Multi Dataset: 0.7898218829516539
Confusion Matrix:
[[[0.76641221        nan]
  [0.23358779        nan]]

 [[0.81221374        nan]
  [0.18778626        nan]]

 [[0.7480916         nan]
  [0.2519084         nan]]

 [[0.82748092        nan]
  [0.17251908        nan]]

 [[0.74198473        nan]
  [0.25801527        nan]]

 [[0.84732824        nan]
  [0.15267176        nan]]

 [[0.75572519        nan]
  [0.24427481        nan]]

 [[0.81984733        nan]
  [0.18015267        nan]]

 [[0.78931298        nan]
  [0.21068702        nan]]]
Linear Regression Fold 6 Accuracy on Classification Multi Dataset: 0.7872773536895674
Confusion Matrix:
[[[0.79389313        nan]
  [0.20610687        nan]]

 [[0.83053435        nan]
  [0.16946565        nan]]

 [[0.7480916         nan]
  [0.2519084         nan]]

 [[0.81984733        nan]
  [0.18015267        nan]]

 [[0.68091603        nan]
  [0.31908397        nan]]

 [[0.84122137        nan]
  [0.15877863        nan]]

 [[0.75572519        nan]
  [0.24427481        nan]]

 [[0.81832061        nan]
  [0.18167939        nan]]

 [[0.79694656        nan]
  [0.20305344        nan]]]
Linear Regression Fold 7 Accuracy on Classification Multi Dataset: 0.7837150127226463
Confusion Matrix:
[[[0.75572519        nan]
  [0.24427481        nan]]

 [[0.82290076        nan]
  [0.17709924        nan]]

 [[0.76030534        nan]
  [0.23969466        nan]]

 [[0.80458015        nan]
  [0.19541985        nan]]

 [[0.70839695        nan]
  [0.29160305        nan]]

 [[0.81679389        nan]
  [0.18320611        nan]]

 [[0.78167939        nan]
  [0.21832061        nan]]

 [[0.83206107        nan]
  [0.16793893        nan]]

 [[0.77099237        nan]
  [0.22900763        nan]]]
Linear Regression Fold 8 Accuracy on Classification Multi Dataset: 0.7860899067005938
Confusion Matrix:
[[[0.75419847        nan]
  [0.24580153        nan]]

 [[0.85801527        nan]
  [0.14198473        nan]]

 [[0.76335878        nan]
  [0.23664122        nan]]

 [[0.80458015        nan]
  [0.19541985        nan]]

 [[0.69465649        nan]
  [0.30534351        nan]]

 [[0.80916031        nan]
  [0.19083969        nan]]

 [[0.77709924        nan]
  [0.22290076        nan]]

 [[0.84580153        nan]
  [0.15419847        nan]]

 [[0.76793893        nan]
  [0.23206107        nan]]]
Linear Regression Fold 9 Accuracy on Classification Multi Dataset: 0.7874469889737066
Confusion Matrix:
[[[0.7648855         nan]
  [0.2351145         nan]]

 [[0.81984733        nan]
  [0.18015267        nan]]

 [[0.76641221        nan]
  [0.23358779        nan]]

 [[0.81374046        nan]
  [0.18625954        nan]]

 [[0.71755725        nan]
  [0.28244275        nan]]

 [[0.84122137        nan]
  [0.15877863        nan]]

 [[0.74656489        nan]
  [0.25343511        nan]]

 [[0.84885496        nan]
  [0.15114504        nan]]

 [[0.76793893        nan]
  [0.23206107        nan]]]
Linear Regression Fold 10 Accuracy on Classification Multi Dataset: 0.771501272264631
Confusion Matrix:
[[[0.72519084        nan]
  [0.27480916        nan]]

 [[0.80458015        nan]
  [0.19541985        nan]]

 [[0.74198473        nan]
  [0.25801527        nan]]

 [[0.83816794        nan]
  [0.16183206        nan]]

 [[0.72519084        nan]
  [0.27480916        nan]]

 [[0.80763359        nan]
  [0.19236641        nan]]

 [[0.72366412        nan]
  [0.27633588        nan]]

 [[0.81984733        nan]
  [0.18015267        nan]]

 [[0.75725191        nan]
  [0.24274809        nan]]]
Linear Regression Fold Average Accuracy on Classification Multi Dataset: 0.7820703003785764
K-NN Fold 1 Accuracy on Classification Multi Dataset: 0.9010840108401084
Confusion Matrix:
[[[0.92395437 0.11538462]
  [0.07604563 0.88461538]]

 [[0.91739895 0.2183908 ]
  [0.08260105 0.7816092 ]]

 [[0.91730769 0.11764706]
  [0.08269231 0.88235294]]

 [[0.91413238 0.25773196]
  [0.08586762 0.74226804]]

 [[0.92963753 0.12299465]
  [0.07036247 0.87700535]]

 [[0.90433213 0.15686275]
  [0.09566787 0.84313725]]

 [[0.92060491 0.16535433]
  [0.07939509 0.83464567]]

 [[0.89260563 0.23863636]
  [0.10739437 0.76136364]]

 [[0.91983968 0.13375796]
  [0.08016032 0.86624204]]]
K-NN Fold 2 Accuracy on Classification Multi Dataset: 0.905852417302799
Confusion Matrix:
[[[0.93371212 0.11811024]
  [0.06628788 0.88188976]]

 [[0.91296625 0.19565217]
  [0.08703375 0.80434783]]

 [[0.93116635 0.21212121]
  [0.06883365 0.78787879]]

 [[0.91935484 0.22680412]
  [0.08064516 0.77319588]]

 [[0.94335512 0.11734694]
  [0.05664488 0.88265306]]

 [[0.91358025 0.27272727]
  [0.08641975 0.72727273]]

 [[0.93253968 0.10596026]
  [0.06746032 0.89403974]]

 [[0.88946459 0.22368421]
  [0.11053541 0.77631579]]

 [[0.92678227 0.11764706]
  [0.07321773 0.88235294]]]
K-NN Fold 3 Accuracy on Classification Multi Dataset: 0.9112807463952503
Confusion Matrix:
[[[0.92038835 0.10714286]
  [0.07961165 0.89285714]]

 [[0.91119005 0.25      ]
  [0.08880995 0.75      ]]

 [[0.95856874 0.12903226]
  [0.04143126 0.87096774]]

 [[0.91561939 0.23469388]
  [0.08438061 0.76530612]]

 [[0.93832599 0.07462687]
  [0.06167401 0.92537313]]

 [[0.91413238 0.1875    ]
  [0.08586762 0.8125    ]]

 [[0.9496124  0.16546763]
  [0.0503876  0.83453237]]

 [[0.90053286 0.18478261]
  [0.09946714 0.81521739]]

 [[0.91650854 0.0859375 ]
  [0.08349146 0.9140625 ]]]
K-NN Fold 4 Accuracy on Classification Multi Dataset: 0.9099236641221374
Confusion Matrix:
[[[0.93542074 0.16666667]
  [0.06457926 0.83333333]]

 [[0.92486583 0.23958333]
  [0.07513417 0.76041667]]

 [[0.93810445 0.15217391]
  [0.06189555 0.84782609]]

 [[0.9237435  0.25641026]
  [0.0762565  0.74358974]]

 [[0.96375267 0.1344086 ]
  [0.03624733 0.8655914 ]]

 [[0.91474245 0.18478261]
  [0.08525755 0.81521739]]

 [[0.92578125 0.13286713]
  [0.07421875 0.86713287]]

 [[0.92405063 0.21568627]
  [0.07594937 0.78431373]]

 [[0.91321499 0.13513514]
  [0.08678501 0.86486486]]]
K-NN Fold 5 Accuracy on Classification Multi Dataset: 0.9163698049194232
Confusion Matrix:
[[[0.92965779 0.10077519]
  [0.07034221 0.89922481]]

 [[0.92446043 0.18181818]
  [0.07553957 0.81818182]]

 [[0.93650794 0.1192053 ]
  [0.06349206 0.8807947 ]]

 [[0.93406593 0.29357798]
  [0.06593407 0.70642202]]

 [[0.95473251 0.13017751]
  [0.04526749 0.86982249]]

 [[0.92631579 0.31764706]
  [0.07368421 0.68235294]]

 [[0.95582329 0.12101911]
  [0.04417671 0.87898089]]

 [[0.94181818 0.18095238]
  [0.05818182 0.81904762]]

 [[0.93032015 0.18548387]
  [0.06967985 0.81451613]]]
K-NN Fold 6 Accuracy on Classification Multi Dataset: 0.90754877014419
Confusion Matrix:
[[[0.95173745 0.19708029]
  [0.04826255 0.80291971]]

 [[0.91666667 0.2967033 ]
  [0.08333333 0.7032967 ]]

 [[0.92730845 0.12328767]
  [0.07269155 0.87671233]]

 [[0.92459605 0.2244898 ]
  [0.07540395 0.7755102 ]]

 [[0.93492408 0.07731959]
  [0.06507592 0.92268041]]

 [[0.91551724 0.26666667]
  [0.08448276 0.73333333]]

 [[0.89885496 0.18320611]
  [0.10114504 0.81679389]]

 [[0.91754386 0.15294118]
  [0.08245614 0.84705882]]

 [[0.95047619 0.17692308]
  [0.04952381 0.82307692]]]
K-NN Fold 7 Accuracy on Classification Multi Dataset: 0.9063613231552163
Confusion Matrix:
[[[0.94411178 0.14285714]
  [0.05588822 0.85714286]]

 [[0.92473118 0.2371134 ]
  [0.07526882 0.7628866 ]]

 [[0.92217899 0.17021277]
  [0.07782101 0.82978723]]

 [[0.92       0.2       ]
  [0.08       0.8       ]]

 [[0.93776824 0.14285714]
  [0.06223176 0.85714286]]

 [[0.90892857 0.27368421]
  [0.09107143 0.72631579]]

 [[0.9507874  0.19727891]
  [0.0492126  0.80272109]]

 [[0.92945326 0.20454545]
  [0.07054674 0.79545455]]

 [[0.925      0.17777778]
  [0.075      0.82222222]]]
K-NN Fold 8 Accuracy on Classification Multi Dataset: 0.9199321458863443
Confusion Matrix:
[[[0.94211577 0.14285714]
  [0.05788423 0.85714286]]

 [[0.95287958 0.19512195]
  [0.04712042 0.80487805]]

 [[0.92857143 0.13868613]
  [0.07142857 0.86131387]]

 [[0.90958409 0.23529412]
  [0.09041591 0.76470588]]

 [[0.95661605 0.07216495]
  [0.04338395 0.92783505]]

 [[0.92518248 0.21495327]
  [0.07481752 0.78504673]]

 [[0.94757282 0.15      ]
  [0.05242718 0.85      ]]

 [[0.93965517 0.12      ]
  [0.06034483 0.88      ]]

 [[0.9303675  0.15942029]
  [0.0696325  0.84057971]]]
K-NN Fold 9 Accuracy on Classification Multi Dataset: 0.9170483460559796
Confusion Matrix:
[[[0.93604651 0.1294964 ]
  [0.06395349 0.8705036 ]]

 [[0.91696113 0.20224719]
  [0.08303887 0.79775281]]

 [[0.9454191  0.11971831]
  [0.0545809  0.88028169]]

 [[0.91829485 0.17391304]
  [0.08170515 0.82608696]]

 [[0.94572025 0.09659091]
  [0.05427975 0.90340909]]

 [[0.94395797 0.14285714]
  [0.05604203 0.85714286]]

 [[0.93413174 0.13636364]
  [0.06586826 0.86363636]]

 [[0.91794872 0.27142857]
  [0.08205128 0.72857143]]

 [[0.92380952 0.13846154]
  [0.07619048 0.86153846]]]
K-NN Fold 10 Accuracy on Classification Multi Dataset: 0.9080576759966072
Confusion Matrix:
[[[0.9        0.11034483]
  [0.1        0.88965517]]

 [[0.90213523 0.21505376]
  [0.09786477 0.78494624]]

 [[0.92913386 0.0952381 ]
  [0.07086614 0.9047619 ]]

 [[0.92214533 0.20779221]
  [0.07785467 0.79220779]]

 [[0.94661191 0.08333333]
  [0.05338809 0.91666667]]

 [[0.8975265  0.23595506]
  [0.1024735  0.76404494]]

 [[0.92354125 0.09493671]
  [0.07645875 0.90506329]]

 [[0.92805755 0.21212121]
  [0.07194245 0.78787879]]

 [[0.92307692 0.11851852]
  [0.07692308 0.88148148]]]
K-NN Fold Average Accuracy on Classification Multi Dataset: 0.9103458904818055
Multilayer Perceptron Fold 1 Accuracy on Classification Multi Dataset: 0.9027777777777778
Confusion Matrix:
[[[0.95188285 0.25842697]
  [0.04811715 0.74157303]]

 [[0.92687075 0.38235294]
  [0.07312925 0.61764706]]

 [[0.95503597 0.31      ]
  [0.04496403 0.69      ]]

 [[0.97610922 0.52857143]
  [0.02389078 0.47142857]]

 [[0.95229358 0.27927928]
  [0.04770642 0.72072072]]

 [[0.97557003 0.35714286]
  [0.02442997 0.64285714]]

 [[0.97288676 0.31034483]
  [0.02711324 0.68965517]]

 [[0.97936508 0.46153846]
  [0.02063492 0.53846154]]

 [[0.94711538 0.0625    ]
  [0.05288462 0.9375    ]]]
Multilayer Perceptron Fold 2 Accuracy on Classification Multi Dataset: 0.9085665818490246
Confusion Matrix:
[[[0.96443515 0.26553672]
  [0.03556485 0.73446328]]

 [[0.9493007  0.20481928]
  [0.0506993  0.79518072]]

 [[0.96389892 0.35643564]
  [0.03610108 0.64356436]]

 [[0.97800338 0.40625   ]
  [0.02199662 0.59375   ]]

 [[0.94010889 0.27884615]
  [0.05989111 0.72115385]]

 [[0.99018003 0.25      ]
  [0.00981997 0.75      ]]

 [[0.96229508 0.11111111]
  [0.03770492 0.88888889]]

 [[0.98133748 0.16666667]
  [0.01866252 0.83333333]]

 [[0.96666667 0.04      ]
  [0.03333333 0.96      ]]]
Multilayer Perceptron Fold 3 Accuracy on Classification Multi Dataset: 0.9133163698049194
Confusion Matrix:
[[[0.96226415 0.16853933]
  [0.03773585 0.83146067]]

 [[0.95833333 0.27848101]
  [0.04166667 0.72151899]]

 [[0.9858156  0.26373626]
  [0.0141844  0.73626374]]

 [[0.97009967 0.35849057]
  [0.02990033 0.64150943]]

 [[0.94360902 0.22764228]
  [0.05639098 0.77235772]]

 [[0.99190939 0.21621622]
  [0.00809061 0.78378378]]

 [[0.96091205 0.17073171]
  [0.03908795 0.82926829]]

 [[0.99049128 0.125     ]
  [0.00950872 0.875     ]]

 [[0.98083067 0.13793103]
  [0.01916933 0.86206897]]]
Multilayer Perceptron Fold 4 Accuracy on Classification Multi Dataset: 0.9184054283290924
Confusion Matrix:
[[[0.95884774 0.21301775]
  [0.04115226 0.78698225]]

 [[0.95408163 0.1641791 ]
  [0.04591837 0.8358209 ]]

 [[0.96507353 0.27927928]
  [0.03492647 0.72072072]]

 [[0.9833887  0.39622642]
  [0.0166113  0.60377358]]

 [[0.96       0.22857143]
  [0.04       0.77142857]]

 [[0.98858075 0.16666667]
  [0.01141925 0.83333333]]

 [[0.97524752 0.16326531]
  [0.02475248 0.83673469]]

 [[0.99041534 0.20689655]
  [0.00958466 0.79310345]]

 [[0.9696     0.03333333]
  [0.0304     0.96666667]]]
Multilayer Perceptron Fold 5 Accuracy on Classification Multi Dataset: 0.9170483460559796
Confusion Matrix:
[[[0.95041322 0.24561404]
  [0.04958678 0.75438596]]

 [[0.94827586 0.16      ]
  [0.05172414 0.84      ]]

 [[0.96303142 0.23684211]
  [0.03696858 0.76315789]]

 [[0.9768595  0.36      ]
  [0.0231405  0.64      ]]

 [[0.97217069 0.3362069 ]
  [0.02782931 0.6637931 ]]

 [[0.9872814  0.26923077]
  [0.0127186  0.73076923]]

 [[0.95276873 0.2195122 ]
  [0.04723127 0.7804878 ]]

 [[0.9889065  0.04166667]
  [0.0110935  0.95833333]]

 [[0.98055105 0.10526316]
  [0.01944895 0.89473684]]]
Multilayer Perceptron Fold 6 Accuracy on Classification Multi Dataset: 0.9216284987277353
Confusion Matrix:
[[[0.96701031 0.3       ]
  [0.03298969 0.7       ]]

 [[0.95547945 0.1971831 ]
  [0.04452055 0.8028169 ]]

 [[0.9417122  0.21698113]
  [0.0582878  0.78301887]]

 [[0.97996661 0.23214286]
  [0.02003339 0.76785714]]

 [[0.96622889 0.20491803]
  [0.03377111 0.79508197]]

 [[0.98878205 0.29032258]
  [0.01121795 0.70967742]]

 [[0.97532895 0.17021277]
  [0.02467105 0.82978723]]

 [[0.98407643 0.11111111]
  [0.01592357 0.88888889]]

 [[0.97936508 0.12      ]
  [0.02063492 0.88      ]]]
Multilayer Perceptron Fold 7 Accuracy on Classification Multi Dataset: 0.9133163698049194
Confusion Matrix:
[[[0.96066253 0.18023256]
  [0.03933747 0.81976744]]

 [[0.95384615 0.22857143]
  [0.04615385 0.77142857]]

 [[0.96370236 0.25      ]
  [0.03629764 0.75      ]]

 [[0.96954315 0.359375  ]
  [0.03045685 0.640625  ]]

 [[0.96603774 0.328     ]
  [0.03396226 0.672     ]]

 [[0.98701299 0.38461538]
  [0.01298701 0.61538462]]

 [[0.96103896 0.12820513]
  [0.03896104 0.87179487]]

 [[0.98582677 0.3       ]
  [0.01417323 0.7       ]]

 [[0.96682464 0.04545455]
  [0.03317536 0.95454545]]]
Multilayer Perceptron Fold 8 Accuracy on Classification Multi Dataset: 0.9195928753180661
Confusion Matrix:
[[[0.95859213 0.18023256]
  [0.04140787 0.81976744]]

 [[0.96569468 0.26388889]
  [0.03430532 0.73611111]]

 [[0.96043165 0.27272727]
  [0.03956835 0.72727273]]

 [[0.97236615 0.36842105]
  [0.02763385 0.63157895]]

 [[0.95281307 0.24038462]
  [0.04718693 0.75961538]]

 [[0.98543689 0.2972973 ]
  [0.01456311 0.7027027 ]]

 [[0.97532895 0.23404255]
  [0.02467105 0.76595745]]

 [[0.98740157 0.3       ]
  [0.01259843 0.7       ]]

 [[0.96012759 0.10714286]
  [0.03987241 0.89285714]]]
Multilayer Perceptron Fold 9 Accuracy on Classification Multi Dataset: 0.9214588634435963
Confusion Matrix:
[[[0.94589178 0.18589744]
  [0.05410822 0.81410256]]

 [[0.95936396 0.29213483]
  [0.04063604 0.70786517]]

 [[0.95978062 0.26851852]
  [0.04021938 0.73148148]]

 [[0.97478992 0.31666667]
  [0.02521008 0.68333333]]

 [[0.97592593 0.26086957]
  [0.02407407 0.73913043]]

 [[0.9856     0.16666667]
  [0.0144     0.83333333]]

 [[0.96885246 0.08888889]
  [0.03114754 0.91111111]]

 [[0.99369085 0.28571429]
  [0.00630915 0.71428571]]

 [[0.96955128 0.09677419]
  [0.03044872 0.90322581]]]
Multilayer Perceptron Fold 10 Accuracy on Classification Multi Dataset: 0.9178965224766752
Confusion Matrix:
[[[0.95680346 0.16666667]
  [0.04319654 0.83333333]]

 [[0.94454073 0.32051282]
  [0.05545927 0.67948718]]

 [[0.95361781 0.31034483]
  [0.04638219 0.68965517]]

 [[0.9852459  0.28888889]
  [0.0147541  0.71111111]]

 [[0.9726776  0.27358491]
  [0.0273224  0.72641509]]

 [[0.98061389 0.25      ]
  [0.01938611 0.75      ]]

 [[0.97576737 0.13888889]
  [0.02423263 0.86111111]]

 [[0.98587127 0.33333333]
  [0.01412873 0.66666667]]

 [[0.96650718 0.10714286]
  [0.03349282 0.89285714]]]
Multilayer Perceptron Fold Average Accuracy on Classification Multi Dataset: 0.9154007633587786
