Linear SVM Fold 1 Accuracy on Optimal Single Dataset: 0.7972560975609756
Confusion Matrix:
[[0.94405594 0.00699301 0.         0.         0.04195804 0.00699301
  0.         0.         0.        ]
 [0.10869565 0.7173913  0.02173913 0.02173913 0.07608696 0.
  0.04347826 0.         0.01086957]
 [0.13       0.03       0.76       0.         0.06       0.
  0.         0.01       0.01      ]
 [0.125      0.05357143 0.03571429 0.625      0.08928571 0.
  0.07142857 0.         0.        ]
 [0.06741573 0.02247191 0.         0.         0.8988764  0.
  0.01123596 0.         0.        ]
 [0.1        0.1        0.         0.03333333 0.03333333 0.66666667
  0.03333333 0.         0.03333333]
 [0.16071429 0.01785714 0.         0.01785714 0.01785714 0.
  0.75       0.01785714 0.01785714]
 [0.06060606 0.06060606 0.03030303 0.03030303 0.03030303 0.
  0.06060606 0.72727273 0.        ]
 [0.07017544 0.01754386 0.03508772 0.01754386 0.07017544 0.
  0.         0.         0.78947368]]
Linear SVM Fold 2 Accuracy on Optimal Single Dataset: 0.8290076335877863
Confusion Matrix:
[[0.9556962  0.         0.         0.         0.02531646 0.00632911
  0.         0.01265823 0.        ]
 [0.05333333 0.77333333 0.08       0.         0.05333333 0.01333333
  0.01333333 0.         0.01333333]
 [0.1010101  0.04040404 0.77777778 0.02020202 0.04040404 0.01010101
  0.         0.         0.01010101]
 [0.12195122 0.07317073 0.02439024 0.73170732 0.04878049 0.
  0.         0.         0.        ]
 [0.09322034 0.02542373 0.00847458 0.01694915 0.83050847 0.
  0.01694915 0.         0.00847458]
 [0.10810811 0.05405405 0.02702703 0.         0.02702703 0.75675676
  0.02702703 0.         0.        ]
 [0.07272727 0.         0.03636364 0.01818182 0.         0.
  0.87272727 0.         0.        ]
 [0.2        0.04       0.04       0.         0.08       0.
  0.04       0.56       0.04      ]
 [0.04255319 0.0212766  0.06382979 0.         0.04255319 0.
  0.         0.         0.82978723]]
Linear SVM Fold 3 Accuracy on Optimal Single Dataset: 0.833587786259542
Confusion Matrix:
[[0.96648045 0.         0.01117318 0.         0.02234637 0.
  0.         0.         0.        ]
 [0.11235955 0.70786517 0.02247191 0.04494382 0.06741573 0.02247191
  0.02247191 0.         0.        ]
 [0.16091954 0.04597701 0.72413793 0.02298851 0.02298851 0.01149425
  0.         0.01149425 0.        ]
 [0.11764706 0.         0.         0.82352941 0.01960784 0.01960784
  0.         0.         0.01960784]
 [0.11340206 0.         0.02061856 0.02061856 0.83505155 0.01030928
  0.         0.         0.        ]
 [0.13513514 0.05405405 0.         0.02702703 0.02702703 0.72972973
  0.         0.02702703 0.        ]
 [0.10204082 0.02040816 0.         0.         0.         0.
  0.87755102 0.         0.        ]
 [0.08       0.         0.08       0.         0.         0.
  0.04       0.76       0.04      ]
 [0.04878049 0.02439024 0.         0.04878049 0.02439024 0.
  0.         0.         0.85365854]]
Linear SVM Fold 4 Accuracy on Optimal Single Dataset: 0.8198473282442749
Confusion Matrix:
[[0.94871795 0.         0.         0.00641026 0.01282051 0.00641026
  0.01923077 0.00641026 0.        ]
 [0.09278351 0.73195876 0.02061856 0.02061856 0.03092784 0.02061856
  0.06185567 0.         0.02061856]
 [0.08333333 0.0625     0.78125    0.01041667 0.04166667 0.01041667
  0.01041667 0.         0.        ]
 [0.10204082 0.04081633 0.02040816 0.57142857 0.14285714 0.
  0.08163265 0.         0.04081633]
 [0.08163265 0.03061224 0.01020408 0.         0.85714286 0.01020408
  0.         0.         0.01020408]
 [0.         0.         0.03333333 0.         0.         0.93333333
  0.03333333 0.         0.        ]
 [0.04918033 0.         0.01639344 0.04918033 0.03278689 0.
  0.83606557 0.01639344 0.        ]
 [0.14705882 0.         0.02941176 0.02941176 0.02941176 0.08823529
  0.         0.67647059 0.        ]
 [0.08823529 0.05882353 0.         0.         0.         0.
  0.         0.         0.85294118]]
Linear SVM Fold 5 Accuracy on Optimal Single Dataset: 0.8106870229007633
Confusion Matrix:
[[0.93023256 0.         0.00581395 0.         0.04069767 0.01162791
  0.         0.01162791 0.        ]
 [0.08450704 0.78873239 0.04225352 0.02816901 0.05633803 0.
  0.         0.         0.        ]
 [0.12621359 0.08737864 0.69902913 0.01941748 0.04854369 0.01941748
  0.         0.         0.        ]
 [0.24137931 0.01724138 0.         0.56896552 0.10344828 0.
  0.03448276 0.01724138 0.01724138]
 [0.03883495 0.         0.         0.         0.93203883 0.
  0.01941748 0.         0.00970874]
 [0.02857143 0.05714286 0.         0.05714286 0.02857143 0.71428571
  0.05714286 0.         0.05714286]
 [0.13461538 0.01923077 0.03846154 0.03846154 0.         0.
  0.75       0.         0.01923077]
 [0.         0.125      0.0625     0.         0.0625     0.
  0.         0.75       0.        ]
 [0.06666667 0.02222222 0.02222222 0.         0.04444444 0.
  0.         0.         0.84444444]]
Linear SVM Fold 6 Accuracy on Optimal Single Dataset: 0.8091603053435115
Confusion Matrix:
[[0.96062992 0.         0.00787402 0.         0.01574803 0.01574803
  0.         0.         0.        ]
 [0.1097561  0.6097561  0.04878049 0.01219512 0.14634146 0.01219512
  0.01219512 0.         0.04878049]
 [0.10714286 0.03571429 0.80357143 0.00892857 0.02678571 0.00892857
  0.00892857 0.         0.        ]
 [0.1        0.025      0.05       0.6        0.15       0.
  0.05       0.         0.025     ]
 [0.06862745 0.00980392 0.02941176 0.         0.89215686 0.
  0.         0.         0.        ]
 [0.05       0.05       0.025      0.         0.         0.85
  0.         0.025      0.        ]
 [0.02816901 0.09859155 0.         0.01408451 0.01408451 0.
  0.83098592 0.         0.01408451]
 [0.16666667 0.16666667 0.         0.         0.         0.
  0.         0.66666667 0.        ]
 [0.1754386  0.01754386 0.         0.01754386 0.01754386 0.
  0.         0.         0.77192982]]
Linear SVM Fold 7 Accuracy on Optimal Single Dataset: 0.8183206106870229
Confusion Matrix:
[[0.95918367 0.         0.         0.         0.02721088 0.00680272
  0.         0.         0.00680272]
 [0.11538462 0.71794872 0.03846154 0.06410256 0.02564103 0.02564103
  0.01282051 0.         0.        ]
 [0.14423077 0.01923077 0.76923077 0.00961538 0.04807692 0.00961538
  0.         0.         0.        ]
 [0.10344828 0.05172414 0.01724138 0.70689655 0.03448276 0.
  0.06896552 0.         0.01724138]
 [0.06666667 0.00833333 0.025      0.00833333 0.875      0.00833333
  0.00833333 0.         0.        ]
 [0.09375    0.09375    0.         0.         0.         0.78125
  0.03125    0.         0.        ]
 [0.10869565 0.06521739 0.02173913 0.         0.         0.02173913
  0.7826087  0.         0.        ]
 [0.13043478 0.04347826 0.         0.04347826 0.         0.04347826
  0.         0.73913043 0.        ]
 [0.17021277 0.04255319 0.         0.0212766  0.0212766  0.
  0.         0.         0.74468085]]
Linear SVM Fold 8 Accuracy on Optimal Single Dataset: 0.867175572519084
Confusion Matrix:
[[0.95857988 0.00591716 0.00591716 0.         0.0295858  0.
  0.         0.         0.        ]
 [0.09411765 0.78823529 0.03529412 0.02352941 0.02352941 0.01176471
  0.02352941 0.         0.        ]
 [0.05       0.04       0.87       0.02       0.02       0.
  0.         0.         0.        ]
 [0.02380952 0.         0.02380952 0.80952381 0.07142857 0.02380952
  0.02380952 0.         0.02380952]
 [0.0619469  0.02654867 0.00884956 0.00884956 0.89380531 0.
  0.         0.         0.        ]
 [0.02564103 0.07692308 0.02564103 0.         0.02564103 0.76923077
  0.02564103 0.02564103 0.02564103]
 [0.15909091 0.         0.         0.02272727 0.         0.
  0.79545455 0.         0.02272727]
 [0.19230769 0.         0.03846154 0.03846154 0.         0.
  0.         0.73076923 0.        ]
 [0.08108108 0.02702703 0.         0.         0.         0.
  0.         0.         0.89189189]]
Linear SVM Fold 9 Accuracy on Optimal Single Dataset: 0.833587786259542
Confusion Matrix:
[[0.97333333 0.         0.00666667 0.         0.         0.00666667
  0.         0.00666667 0.00666667]
 [0.08536585 0.7804878  0.06097561 0.02439024 0.02439024 0.02439024
  0.         0.         0.        ]
 [0.10714286 0.         0.8452381  0.         0.03571429 0.
  0.         0.         0.01190476]
 [0.13793103 0.03448276 0.01724138 0.65517241 0.06896552 0.
  0.         0.05172414 0.03448276]
 [0.07964602 0.01769912 0.02654867 0.00884956 0.84955752 0.
  0.01769912 0.         0.        ]
 [0.13888889 0.         0.02777778 0.05555556 0.02777778 0.69444444
  0.         0.05555556 0.        ]
 [0.12       0.         0.         0.         0.02       0.
  0.86       0.         0.        ]
 [0.14814815 0.         0.         0.07407407 0.03703704 0.
  0.         0.74074074 0.        ]
 [0.09090909 0.05454545 0.01818182 0.01818182 0.03636364 0.
  0.         0.         0.78181818]]
Linear SVM Fold 10 Accuracy on Optimal Single Dataset: 0.850381679389313
Confusion Matrix:
[[0.96932515 0.         0.         0.         0.00613497 0.01840491
  0.         0.00613497 0.        ]
 [0.09574468 0.77659574 0.03191489 0.0106383  0.06382979 0.
  0.0212766  0.         0.        ]
 [0.10227273 0.03409091 0.80681818 0.01136364 0.01136364 0.
  0.02272727 0.         0.01136364]
 [0.06666667 0.06666667 0.05       0.66666667 0.05       0.01666667
  0.01666667 0.         0.06666667]
 [0.03225806 0.01075269 0.01075269 0.         0.93548387 0.
  0.01075269 0.         0.        ]
 [0.02702703 0.02702703 0.         0.         0.10810811 0.81081081
  0.         0.02702703 0.        ]
 [0.16666667 0.         0.03333333 0.         0.         0.
  0.8        0.         0.        ]
 [0.19047619 0.14285714 0.         0.         0.         0.
  0.         0.66666667 0.        ]
 [0.02564103 0.05128205 0.         0.         0.         0.
  0.         0.         0.92307692]]
Linear SVM Fold Average Accuracy on Optimal Single Dataset: 0.8269011822751816
K-NN Fold 1 Accuracy on Optimal Single Dataset: 0.7469512195121951
Confusion Matrix:
[[0.86713287 0.01398601 0.02097902 0.00699301 0.03496503 0.00699301
  0.02097902 0.00699301 0.02097902]
 [0.0326087  0.73913043 0.0326087  0.04347826 0.08695652 0.
  0.05434783 0.         0.01086957]
 [0.07       0.06       0.79       0.01       0.05       0.
  0.         0.         0.02      ]
 [0.08928571 0.03571429 0.07142857 0.69642857 0.07142857 0.01785714
  0.01785714 0.         0.        ]
 [0.06741573 0.03370787 0.03370787 0.         0.83146067 0.01123596
  0.02247191 0.         0.        ]
 [0.06666667 0.03333333 0.03333333 0.03333333 0.06666667 0.73333333
  0.03333333 0.         0.        ]
 [0.23214286 0.07142857 0.05357143 0.05357143 0.01785714 0.03571429
  0.53571429 0.         0.        ]
 [0.06060606 0.09090909 0.03030303 0.03030303 0.03030303 0.03030303
  0.06060606 0.63636364 0.03030303]
 [0.10526316 0.03508772 0.03508772 0.07017544 0.0877193  0.05263158
  0.01754386 0.01754386 0.57894737]]
K-NN Fold 2 Accuracy on Optimal Single Dataset: 0.766412213740458
Confusion Matrix:
[[0.81012658 0.02531646 0.0443038  0.00632911 0.05696203 0.01265823
  0.02531646 0.01265823 0.00632911]
 [0.01333333 0.81333333 0.05333333 0.02666667 0.05333333 0.01333333
  0.02666667 0.         0.        ]
 [0.04040404 0.02020202 0.81818182 0.04040404 0.05050505 0.
  0.02020202 0.         0.01010101]
 [0.09756098 0.07317073 0.04878049 0.70731707 0.         0.
  0.02439024 0.         0.04878049]
 [0.08474576 0.02542373 0.05932203 0.01694915 0.80508475 0.
  0.         0.         0.00847458]
 [0.10810811 0.05405405 0.02702703 0.02702703 0.02702703 0.72972973
  0.         0.         0.02702703]
 [0.05454545 0.09090909 0.         0.03636364 0.07272727 0.01818182
  0.72727273 0.         0.        ]
 [0.16       0.04       0.08       0.04       0.         0.
  0.08       0.6        0.        ]
 [0.14893617 0.04255319 0.12765957 0.06382979 0.         0.04255319
  0.0212766  0.         0.55319149]]
K-NN Fold 3 Accuracy on Optimal Single Dataset: 0.749618320610687
Confusion Matrix:
[[0.87150838 0.01675978 0.03351955 0.02234637 0.02234637 0.00558659
  0.01117318 0.01675978 0.        ]
 [0.04494382 0.69662921 0.03370787 0.06741573 0.08988764 0.
  0.03370787 0.03370787 0.        ]
 [0.11494253 0.05747126 0.77011494 0.02298851 0.01149425 0.02298851
  0.         0.         0.        ]
 [0.09803922 0.03921569 0.05882353 0.60784314 0.01960784 0.05882353
  0.05882353 0.03921569 0.01960784]
 [0.10309278 0.02061856 0.03092784 0.03092784 0.78350515 0.01030928
  0.01030928 0.         0.01030928]
 [0.05405405 0.13513514 0.02702703 0.02702703 0.02702703 0.7027027
  0.         0.         0.02702703]
 [0.14285714 0.08163265 0.04081633 0.04081633 0.         0.06122449
  0.57142857 0.02040816 0.04081633]
 [0.         0.08       0.04       0.         0.         0.
  0.04       0.76       0.08      ]
 [0.04878049 0.02439024 0.04878049 0.09756098 0.12195122 0.
  0.         0.02439024 0.63414634]]
K-NN Fold 4 Accuracy on Optimal Single Dataset: 0.7633587786259542
Confusion Matrix:
[[0.83974359 0.00641026 0.03205128 0.01282051 0.04487179 0.01923077
  0.03205128 0.         0.01282051]
 [0.06185567 0.74226804 0.04123711 0.03092784 0.03092784 0.
  0.05154639 0.02061856 0.02061856]
 [0.07291667 0.0625     0.76041667 0.0625     0.02083333 0.
  0.         0.02083333 0.        ]
 [0.04081633 0.06122449 0.02040816 0.65306122 0.14285714 0.
  0.04081633 0.         0.04081633]
 [0.05102041 0.01020408 0.03061224 0.01020408 0.85714286 0.01020408
  0.         0.01020408 0.02040816]
 [0.13333333 0.03333333 0.03333333 0.         0.         0.7
  0.03333333 0.03333333 0.03333333]
 [0.09836066 0.04918033 0.03278689 0.04918033 0.         0.09836066
  0.67213115 0.         0.        ]
 [0.08823529 0.         0.02941176 0.08823529 0.02941176 0.08823529
  0.05882353 0.61764706 0.        ]
 [0.08823529 0.05882353 0.02941176 0.         0.02941176 0.05882353
  0.         0.         0.73529412]]
K-NN Fold 5 Accuracy on Optimal Single Dataset: 0.7725190839694657
Confusion Matrix:
[[0.84302326 0.01162791 0.04651163 0.02325581 0.03488372 0.
  0.02906977 0.00581395 0.00581395]
 [0.05633803 0.76056338 0.02816901 0.02816901 0.05633803 0.01408451
  0.02816901 0.01408451 0.01408451]
 [0.09708738 0.05825243 0.75728155 0.04854369 0.01941748 0.
  0.01941748 0.         0.        ]
 [0.12068966 0.01724138 0.01724138 0.70689655 0.12068966 0.
  0.01724138 0.         0.        ]
 [0.08737864 0.06796117 0.00970874 0.01941748 0.7961165  0.
  0.00970874 0.         0.00970874]
 [0.05714286 0.05714286 0.02857143 0.02857143 0.         0.77142857
  0.02857143 0.         0.02857143]
 [0.11538462 0.03846154 0.07692308 0.01923077 0.01923077 0.01923077
  0.69230769 0.         0.01923077]
 [0.         0.125      0.         0.0625     0.         0.
  0.         0.8125     0.        ]
 [0.15555556 0.04444444 0.11111111 0.         0.02222222 0.
  0.         0.         0.66666667]]
K-NN Fold 6 Accuracy on Optimal Single Dataset: 0.7694656488549618
Confusion Matrix:
[[0.87401575 0.02362205 0.02362205 0.00787402 0.04724409 0.01574803
  0.00787402 0.         0.        ]
 [0.04878049 0.73170732 0.02439024 0.03658537 0.09756098 0.
  0.02439024 0.         0.03658537]
 [0.05357143 0.0625     0.82142857 0.00892857 0.01785714 0.
  0.00892857 0.         0.02678571]
 [0.05       0.075      0.         0.725      0.025      0.
  0.05       0.025      0.05      ]
 [0.02941176 0.02941176 0.08823529 0.01960784 0.82352941 0.00980392
  0.         0.         0.        ]
 [0.         0.1        0.05       0.         0.025      0.825
  0.         0.         0.        ]
 [0.04225352 0.05633803 0.11267606 0.08450704 0.01408451 0.02816901
  0.64788732 0.         0.01408451]
 [0.16666667 0.125      0.         0.         0.         0.
  0.         0.66666667 0.04166667]
 [0.15789474 0.03508772 0.05263158 0.0877193  0.01754386 0.03508772
  0.03508772 0.         0.57894737]]
K-NN Fold 7 Accuracy on Optimal Single Dataset: 0.7801526717557252
Confusion Matrix:
[[0.87755102 0.00680272 0.06802721 0.         0.02721088 0.
  0.01360544 0.         0.00680272]
 [0.06410256 0.73076923 0.05128205 0.07692308 0.05128205 0.02564103
  0.         0.         0.        ]
 [0.07692308 0.06730769 0.77884615 0.00961538 0.04807692 0.
  0.         0.00961538 0.00961538]
 [0.06896552 0.0862069  0.01724138 0.74137931 0.01724138 0.03448276
  0.01724138 0.         0.01724138]
 [0.04166667 0.01666667 0.05833333 0.03333333 0.83333333 0.01666667
  0.         0.         0.        ]
 [0.125      0.03125    0.0625     0.         0.         0.78125
  0.         0.         0.        ]
 [0.15217391 0.10869565 0.04347826 0.02173913 0.02173913 0.06521739
  0.58695652 0.         0.        ]
 [0.08695652 0.         0.         0.08695652 0.         0.04347826
  0.         0.73913043 0.04347826]
 [0.10638298 0.0212766  0.04255319 0.06382979 0.0212766  0.04255319
  0.0212766  0.         0.68085106]]
K-NN Fold 8 Accuracy on Optimal Single Dataset: 0.7816793893129771
Confusion Matrix:
[[0.84615385 0.01775148 0.06508876 0.01183432 0.01775148 0.00591716
  0.0295858  0.         0.00591716]
 [0.04705882 0.76470588 0.02352941 0.05882353 0.04705882 0.
  0.03529412 0.01176471 0.01176471]
 [0.04       0.03       0.86       0.01       0.05       0.
  0.01       0.         0.        ]
 [0.02380952 0.04761905 0.         0.73809524 0.07142857 0.02380952
  0.07142857 0.02380952 0.        ]
 [0.12389381 0.04424779 0.0619469  0.03539823 0.73451327 0.
  0.         0.         0.        ]
 [0.02564103 0.12820513 0.05128205 0.         0.02564103 0.64102564
  0.07692308 0.         0.05128205]
 [0.04545455 0.04545455 0.02272727 0.02272727 0.         0.02272727
  0.81818182 0.         0.02272727]
 [0.         0.15384615 0.03846154 0.07692308 0.03846154 0.
  0.         0.69230769 0.        ]
 [0.10810811 0.05405405 0.02702703 0.02702703 0.02702703 0.02702703
  0.02702703 0.02702703 0.67567568]]
K-NN Fold 9 Accuracy on Optimal Single Dataset: 0.751145038167939
Confusion Matrix:
[[0.89333333 0.02       0.02       0.02666667 0.         0.
  0.02       0.00666667 0.01333333]
 [0.04878049 0.7804878  0.04878049 0.02439024 0.         0.04878049
  0.03658537 0.         0.01219512]
 [0.11904762 0.03571429 0.77380952 0.         0.04761905 0.
  0.01190476 0.01190476 0.        ]
 [0.05172414 0.0862069  0.05172414 0.67241379 0.05172414 0.
  0.05172414 0.01724138 0.01724138]
 [0.09734513 0.09734513 0.03539823 0.05309735 0.7079646  0.
  0.00884956 0.         0.        ]
 [0.08333333 0.11111111 0.02777778 0.02777778 0.         0.69444444
  0.02777778 0.         0.02777778]
 [0.14       0.06       0.04       0.06       0.02       0.
  0.68       0.         0.        ]
 [0.18518519 0.07407407 0.03703704 0.07407407 0.03703704 0.03703704
  0.         0.55555556 0.        ]
 [0.10909091 0.07272727 0.03636364 0.07272727 0.01818182 0.03636364
  0.         0.         0.65454545]]
K-NN Fold 10 Accuracy on Optimal Single Dataset: 0.7587786259541984
Confusion Matrix:
[[0.87116564 0.02453988 0.03680982 0.00613497 0.01840491 0.01226994
  0.01840491 0.00613497 0.00613497]
 [0.06382979 0.74468085 0.03191489 0.0212766  0.06382979 0.
  0.03191489 0.0212766  0.0212766 ]
 [0.07954545 0.04545455 0.79545455 0.02272727 0.02272727 0.01136364
  0.         0.         0.02272727]
 [0.06666667 0.05       0.1        0.65       0.06666667 0.01666667
  0.01666667 0.         0.03333333]
 [0.03225806 0.01075269 0.06451613 0.04301075 0.80645161 0.
  0.         0.04301075 0.        ]
 [0.10810811 0.08108108 0.05405405 0.02702703 0.05405405 0.64864865
  0.         0.02702703 0.        ]
 [0.2        0.03333333 0.06666667 0.05       0.01666667 0.03333333
  0.6        0.         0.        ]
 [0.         0.19047619 0.         0.         0.         0.04761905
  0.04761905 0.66666667 0.04761905]
 [0.15384615 0.07692308 0.02564103 0.02564103 0.         0.02564103
  0.         0.         0.69230769]]
K-NN Fold Average Accuracy on Optimal Single Dataset: 0.7640080990504562
Multilayer Perceptron Fold 1 Accuracy on Optimal Single Dataset: 0.8673780487804879
Confusion Matrix:
[[0.8951049  0.00699301 0.01398601 0.         0.04895105 0.00699301
  0.02097902 0.00699301 0.        ]
 [0.         0.85869565 0.0326087  0.02173913 0.04347826 0.
  0.0326087  0.         0.01086957]
 [0.02       0.         0.92       0.01       0.04       0.
  0.01       0.         0.        ]
 [0.05357143 0.05357143 0.01785714 0.71428571 0.03571429 0.01785714
  0.07142857 0.         0.03571429]
 [0.06741573 0.03370787 0.01123596 0.01123596 0.86516854 0.
  0.01123596 0.         0.        ]
 [0.03333333 0.         0.         0.         0.03333333 0.9
  0.03333333 0.         0.        ]
 [0.07142857 0.         0.01785714 0.01785714 0.         0.
  0.85714286 0.         0.03571429]
 [0.03030303 0.06060606 0.         0.09090909 0.         0.
  0.03030303 0.78787879 0.        ]
 [0.03508772 0.         0.         0.         0.01754386 0.
  0.01754386 0.01754386 0.9122807 ]]
Multilayer Perceptron Fold 2 Accuracy on Optimal Single Dataset: 0.8748091603053435
Confusion Matrix:
[[0.86708861 0.01265823 0.01898734 0.01265823 0.03797468 0.
  0.02531646 0.01898734 0.00632911]
 [0.         0.85333333 0.06666667 0.         0.06666667 0.
  0.         0.         0.01333333]
 [0.04040404 0.01010101 0.88888889 0.01010101 0.03030303 0.02020202
  0.         0.         0.        ]
 [0.04878049 0.04878049 0.02439024 0.85365854 0.         0.02439024
  0.         0.         0.        ]
 [0.07627119 0.00847458 0.         0.         0.88135593 0.
  0.02542373 0.         0.00847458]
 [0.08108108 0.10810811 0.02702703 0.02702703 0.         0.75675676
  0.         0.         0.        ]
 [0.03636364 0.         0.01818182 0.01818182 0.         0.
  0.92727273 0.         0.        ]
 [0.         0.04       0.08       0.04       0.         0.
  0.         0.84       0.        ]
 [0.         0.0212766  0.0212766  0.         0.         0.
  0.         0.         0.95744681]]
Multilayer Perceptron Fold 3 Accuracy on Optimal Single Dataset: 0.8778625954198473
Confusion Matrix:
[[0.92178771 0.01117318 0.01117318 0.01117318 0.03910615 0.
  0.         0.         0.00558659]
 [0.06741573 0.83146067 0.01123596 0.02247191 0.03370787 0.02247191
  0.01123596 0.         0.        ]
 [0.05747126 0.03448276 0.8045977  0.03448276 0.01149425 0.
  0.01149425 0.01149425 0.03448276]
 [0.01960784 0.         0.         0.94117647 0.         0.01960784
  0.         0.         0.01960784]
 [0.08247423 0.01030928 0.02061856 0.01030928 0.83505155 0.01030928
  0.01030928 0.         0.02061856]
 [0.05405405 0.         0.         0.         0.         0.86486486
  0.         0.08108108 0.        ]
 [0.02040816 0.02040816 0.         0.         0.         0.
  0.91836735 0.02040816 0.02040816]
 [0.         0.         0.04       0.         0.         0.04
  0.04       0.88       0.        ]
 [0.02439024 0.         0.         0.02439024 0.02439024 0.
  0.         0.         0.92682927]]
Multilayer Perceptron Fold 4 Accuracy on Optimal Single Dataset: 0.867175572519084
Confusion Matrix:
[[0.8974359  0.00641026 0.03205128 0.00641026 0.01282051 0.00641026
  0.03205128 0.00641026 0.        ]
 [0.02061856 0.8556701  0.04123711 0.02061856 0.01030928 0.02061856
  0.02061856 0.         0.01030928]
 [0.03125    0.         0.86458333 0.03125    0.03125    0.
  0.01041667 0.02083333 0.01041667]
 [0.02040816 0.02040816 0.02040816 0.73469388 0.08163265 0.
  0.08163265 0.02040816 0.02040816]
 [0.02040816 0.03061224 0.         0.         0.90816327 0.01020408
  0.         0.         0.03061224]
 [0.         0.         0.03333333 0.         0.         0.93333333
  0.03333333 0.         0.        ]
 [0.04918033 0.         0.01639344 0.04918033 0.         0.01639344
  0.86885246 0.         0.        ]
 [0.05882353 0.         0.         0.         0.         0.08823529
  0.02941176 0.82352941 0.        ]
 [0.05882353 0.05882353 0.         0.02941176 0.         0.02941176
  0.         0.         0.82352941]]
Multilayer Perceptron Fold 5 Accuracy on Optimal Single Dataset: 0.8549618320610687
Confusion Matrix:
[[0.91860465 0.00581395 0.02325581 0.         0.03488372 0.
  0.00581395 0.00581395 0.00581395]
 [0.02816901 0.77464789 0.05633803 0.02816901 0.08450704 0.
  0.         0.01408451 0.01408451]
 [0.06796117 0.02912621 0.82524272 0.01941748 0.03883495 0.00970874
  0.00970874 0.         0.        ]
 [0.05172414 0.05172414 0.03448276 0.70689655 0.05172414 0.
  0.01724138 0.05172414 0.03448276]
 [0.00970874 0.         0.         0.00970874 0.94174757 0.
  0.02912621 0.00970874 0.        ]
 [0.         0.05714286 0.02857143 0.02857143 0.         0.88571429
  0.         0.         0.        ]
 [0.05769231 0.01923077 0.05769231 0.03846154 0.01923077 0.
  0.78846154 0.         0.01923077]
 [0.0625     0.0625     0.0625     0.         0.         0.
  0.         0.8125     0.        ]
 [0.06666667 0.         0.04444444 0.         0.         0.02222222
  0.         0.         0.86666667]]
Multilayer Perceptron Fold 6 Accuracy on Optimal Single Dataset: 0.8595419847328244
Confusion Matrix:
[[0.91338583 0.01574803 0.02362205 0.         0.00787402 0.00787402
  0.02362205 0.         0.00787402]
 [0.04878049 0.7804878  0.06097561 0.01219512 0.07317073 0.
  0.         0.         0.02439024]
 [0.02678571 0.02678571 0.89285714 0.00892857 0.04464286 0.
  0.         0.         0.        ]
 [0.1        0.025      0.         0.725      0.125      0.025
  0.         0.         0.        ]
 [0.03921569 0.01960784 0.01960784 0.00980392 0.89215686 0.
  0.         0.         0.01960784]
 [0.         0.025      0.         0.         0.         0.95
  0.025      0.         0.        ]
 [0.01408451 0.08450704 0.01408451 0.04225352 0.         0.
  0.8028169  0.01408451 0.02816901]
 [0.04166667 0.08333333 0.         0.04166667 0.         0.04166667
  0.         0.75       0.04166667]
 [0.0877193  0.         0.         0.03508772 0.         0.
  0.         0.         0.87719298]]
Multilayer Perceptron Fold 7 Accuracy on Optimal Single Dataset: 0.8641221374045801
Confusion Matrix:
[[0.92517007 0.         0.03401361 0.00680272 0.02040816 0.00680272
  0.         0.         0.00680272]
 [0.02564103 0.85897436 0.01282051 0.03846154 0.03846154 0.01282051
  0.01282051 0.         0.        ]
 [0.05769231 0.00961538 0.83653846 0.00961538 0.04807692 0.00961538
  0.         0.01923077 0.00961538]
 [0.0862069  0.03448276 0.01724138 0.75862069 0.03448276 0.
  0.06896552 0.         0.        ]
 [0.04166667 0.00833333 0.01666667 0.01666667 0.88333333 0.025
  0.00833333 0.         0.        ]
 [0.03125    0.0625     0.         0.         0.         0.90625
  0.         0.         0.        ]
 [0.06521739 0.06521739 0.06521739 0.         0.         0.
  0.80434783 0.         0.        ]
 [0.08695652 0.         0.         0.04347826 0.         0.
  0.         0.86956522 0.        ]
 [0.08510638 0.0212766  0.0212766  0.         0.         0.0212766
  0.         0.         0.85106383]]
Multilayer Perceptron Fold 8 Accuracy on Optimal Single Dataset: 0.8961832061068702
Confusion Matrix:
[[0.90532544 0.00591716 0.01183432 0.00591716 0.0295858  0.01183432
  0.01183432 0.00591716 0.01183432]
 [0.01176471 0.90588235 0.03529412 0.01176471 0.02352941 0.
  0.01176471 0.         0.        ]
 [0.02       0.02       0.91       0.02       0.02       0.
  0.01       0.         0.        ]
 [0.         0.         0.02380952 0.9047619  0.02380952 0.
  0.02380952 0.         0.02380952]
 [0.03539823 0.01769912 0.00884956 0.         0.90265487 0.00884956
  0.         0.         0.02654867]
 [0.         0.05128205 0.         0.         0.         0.84615385
  0.05128205 0.         0.05128205]
 [0.04545455 0.02272727 0.         0.04545455 0.         0.
  0.81818182 0.02272727 0.04545455]
 [0.03846154 0.         0.03846154 0.07692308 0.         0.
  0.         0.84615385 0.        ]
 [0.02702703 0.         0.02702703 0.         0.         0.
  0.         0.         0.94594595]]
Multilayer Perceptron Fold 9 Accuracy on Optimal Single Dataset: 0.8854961832061069
Confusion Matrix:
[[0.92666667 0.02       0.00666667 0.01333333 0.01333333 0.00666667
  0.         0.         0.01333333]
 [0.01219512 0.85365854 0.06097561 0.02439024 0.02439024 0.01219512
  0.01219512 0.         0.        ]
 [0.01190476 0.01190476 0.9047619  0.         0.05952381 0.
  0.01190476 0.         0.        ]
 [0.01724138 0.05172414 0.01724138 0.82758621 0.01724138 0.01724138
  0.01724138 0.03448276 0.        ]
 [0.01769912 0.00884956 0.00884956 0.         0.92920354 0.
  0.01769912 0.         0.01769912]
 [0.02777778 0.02777778 0.02777778 0.05555556 0.         0.83333333
  0.         0.02777778 0.        ]
 [0.04       0.04       0.02       0.         0.02       0.
  0.82       0.04       0.02      ]
 [0.03703704 0.07407407 0.         0.03703704 0.         0.
  0.         0.85185185 0.        ]
 [0.03636364 0.05454545 0.01818182 0.01818182 0.         0.
  0.         0.         0.87272727]]
Multilayer Perceptron Fold 10 Accuracy on Optimal Single Dataset: 0.8885496183206106
Confusion Matrix:
[[0.90184049 0.01226994 0.01226994 0.02453988 0.01226994 0.01840491
  0.00613497 0.00613497 0.00613497]
 [0.0212766  0.87234043 0.03191489 0.         0.0212766  0.0106383
  0.03191489 0.         0.0106383 ]
 [0.02272727 0.01136364 0.875      0.04545455 0.01136364 0.01136364
  0.01136364 0.         0.01136364]
 [0.01666667 0.05       0.01666667 0.81666667 0.05       0.
  0.03333333 0.         0.01666667]
 [0.01075269 0.         0.01075269 0.         0.95698925 0.
  0.01075269 0.         0.01075269]
 [0.         0.02702703 0.02702703 0.02702703 0.02702703 0.81081081
  0.02702703 0.02702703 0.02702703]
 [0.03333333 0.01666667 0.06666667 0.         0.         0.
  0.88333333 0.         0.        ]
 [0.         0.0952381  0.         0.         0.         0.04761905
  0.         0.80952381 0.04761905]
 [0.         0.02564103 0.         0.         0.         0.
  0.         0.         0.97435897]]
Multilayer Perceptron Fold Average Accuracy on Optimal Single Dataset: 0.8736080338856823
